383
8283 13
94192 88544 94356 45608 96767 91997 1599 82022 45948 4346 6990 70546 30723
1549 19
81515 36109 94334 57868 26185 30294 89494 22277 32904 51943 4770 64718 43193 54693 4989 75323 88985 13706 50324
3216 18
16023 35387 7100 96619 11192 81548 85500 99122 70281 88815 2833 86566 29805 70856 9041 95109 81874 59105
8505 14
6008 49233 54205 93556 4982 75988 68679 73436 23414 92770 19769 28715 1441
3568 12
89089 50423 75782 24927 84490 7521 88055 39112 7431 3437 14116 16808
9218 16
48874 90613 30091 70553 47081 98759 14459 86009 31929 83777 62891 41431 34776 32713 85820 69906
3883 15
47182 78614 92011 32000 52588 76192 7756 2535 76032 40065 46 27549 8469 1006 27899
1970 20
40419 22656 90821 95812 37092 47086 71696 79184 32082 17095 87022 37050 12603 63360 84296 50744 21142 27984 37266 70688
5263 12
26670 16557 71854 6488 29784 9995 44699 53591 82683 55075 28843 47723
6779 19
83907 31528 35949 67053 38744 75171 90178 23584 64402 83380 95375 21205 15538 73654 51373 91115 18888 32264 72742
6355 10
2967 36199 42576 40578 25447 24649 77591 38822 12532 14256
7995 18
29132 74826 58221 77382 4869 36879 97198 67649 27005 82602 8607 83794 46556 87231 51837 38257 70210 73881
7259 13
14869 79461 19620 23189 45929 20226 42296 74644 16384 4986 3072 34570 37212
3324 16
14748 19001 34910 80593 33975 65060 22579 80223 92709 84405 90680 292 25167 46105 59458 54831
4297 16
57106 92796 27676 7166 79169 36842 86966 29824 24976 10793 12947 70476 33620 42278 55357 46235
4963 14
1051 17740 97244 23394 34990 8913 59740 17745 2196 21436 29618 12330 83108
5437 18
45060 59477 46573 65538 46212 12081 31044 14484 40720 66289 69365 78933 45051 80933 21273 86246 79317 19163
832 11
96442 45853 16957 29228 55850 260 25571 44591 7594 51970 72496
6464 14
52395 75224 35169 98878 80302 64396 52255 56601 55842 73308 69057 29586 74997 74125
3301 20
57153 2596 41297 82303 77516 53043 53181 59697 34109 33832 31923 15417 289 10987 62074 45938 84845 50289 84320 54031
3340 18
79689 45286 88220 54544 82710 37314 92494 17453 60514 83263 6642 46404 70902 21904 54112 68344 99671 56269
3156 11
26628 12190 35891 47189 49514 64318 3458 90246 12966 68435 81905
7571 12
52246 72092 2491 22817 93602 44960 61262 28374 75945 92610 82315 82744
1476 15
33589 51430 21213 37676 30360 98955 74428 26113 79922 41636 47054 26317 22914 33117 89639
1403 20
51615 264 79114 1864 17724 38835 47774 44558 88984 90615 68370 67938 29104 46741 33209 37301 62132 480 77741 46348
201 13
69060 16523 31263 8959 97951 14449 79583 60620 87786 28562 5898 26816 87370
1044 11
18513 31193 57812 28825 89591 36834 79353 55793 38644 21296 33647
3418 11
6037 60124 60997 4210 47183 26450 31660 62977 16616 28774 68826
6717 16
78067 90587 89282 31037 97303 6372 73030 15591 60398 3516 4431 93781 8020 4816 95507 85083
4431 18
93750 80532 77682 66311 68449 12708 33042 69361 80009 55674 33336 68691 77350 99675 97733 50056 23600 69534
5999 10
8490 60328 2933 77688 18368 79533 56455 20501 82894 38354
8404 14
22987 51917 54387 76529 72520 41476 79809 93376 13425 82457 27105 81525 62359 17547
6979 10
20014 93731 50751 34352 90270 97929 80734 41228 60474 38606
3788 13
16578 34019 68835 52455 65864 69331 21653 14856 92382 67446 79505 37618 30297
2269 15
89682 58167 34868 54026 37051 6351 88521 94768 27800 78776 66243 95869 22903 97750 83619
8174 10
23008 39949 14697 17816 52920 38402 34846 16035 45746 7718
984 20
77963 59274 73880 99914 89878 63319 2357 78426 38217 99462 95899 30060 26656 18738 46868 35593 19921 26631 43003 25237
3921 15
87774 75287 48474 72497 72136 51214 35308 45921 5214 23993 49544 56840 84584 47505 27304
9286 15
42521 61902 734 96167 97654 40183 21768 45134 92416 40728 5620 21305 51190 10335 8915
3318 10
80241 70955 6160 40361 75554 52877 51883 83488 42324 81581
8673 18
80961 74784 2068 32351 96238 36966 35481 54496 67314 2214 54819 72243 48977 18317 71595 10041 56150 55044
5835 14
96798 86914 23935 3373 94664 14650 55220 45821 48148 7546 81687 12876 98655 48005
6418 15
89954 75269 75467 5504 37126 93173 83940 64401 8725 72038 29654 10211 4919 65467
1331 14
84667 28951 5579 84351 54371 39292 80189 40922 34357 85041 17070 12029 76079 1300
3970 10
41077 68663 47089 70619 42293 5774 42450 44184 55186 99995
9139 19
58149 75469 5047 48669 21814 98282 93604 98809 57568 64975 20500 26758 54179 48991 70497 74095 85937 10583 4932
9336 12
17495 60840 86148 70560 49565 1130 32725 2364 91066 96398 74102 10254
436 14
40678 56843 73541 13740 13417 31594 98468 37406 88949 82166 2269 27863 75264 20888
1656 13
23765 22992 25194 35013 36919 83383 60186 18532 67080 20457 54540 97064 58936
1843 16
40180 88974 26899 50600 99402 79071 35301 3282 11201 85191 88738 54114 70836 91945 26234 81299
498 13
29395 10110 61638 68416 39797 42774 25630 75002 18611 16855 41246 84778 17550
1307 15
86536 44207 46326 41132 84968 94821 30233 1232 80425 7612 21756 29380 56863 24139 45737
5285 19
78912 81132 82886 97294 58885 69736 18026 27381 79233 58568 97618 36808 47297 99295 66143 42359 79254 83658 81158
9800 11
19871 45897 2478 60488 1061 70968 67042 56156 61098 27198
9124 16
67037 84312 25896 13920 66803 72890 42403 52778 1443 50638 97254 81349 16396 49211 24468 30585
9302 20
52714 37240 34149 79878 30930 30150 88101 95128 26334 13647 12794 49673 88825 2612 2172 54182 44334 462 68662
7584 15
73146 1975 10723 98966 73709 38063 41616 44576 84270 28047 23611 50165 5487 41258 80656
6236 15
8238 28989 8335 51330 94422 38013 65665 4593 14344 15748 64713 45617 86607 61102 73651
6152 15
73007 29746 20337 94469 38991 92131 54095 4043 76612 44540 82981 17962 86222 45516 26116
8534 11
31042 26167 11293 25403 92948 50747 87610 31352 31296 93898 67259
7974 18
56812 8637 72477 17013 46319 40806 70657 5240 82467 28871 94087 59363 52034 49316 83752 69273 48671 5746
3613 16
26401 83635 10448 17897 30734 22628 26630 270 91850 91434 4280 78493 81777 99911 74641 38128
666 13
32276 19676 38034 65506 74295 50167 88391 24209 33960 34883 55153 25446 50224
2651 17
23223 25008 55968 33416 88126 63248 21716 30165 45240 93113 16242 34920 28879 25965 92940 77140 57221
2376 12
11463 13012 60687 24964 96345 76638 60409 49651 67599 25621 63368 71728
483 14
38890 4722 18896 38511 53992 21926 17981 36630 90454 24590 59303 57220 57130 44760
684 15
77667 54391 61868 56934 49758 55593 70205 69045 72416 15998 22348 83824 11335 13197 26607
2359 20
97380 10379 80138 17819 38474 53171 78606 23088 96609 19160 43532 29957 3776 56251 8420 70823 43389 97315 66461 13875
5147 13
57548 62543 66584 85163 31459 33438 79229 10197 35280 5298 73468 8566 94481
993 13
61389 68154 51531 84681 86023 24952 65739 92147 5808 11810 61912 52387 35067
7468 10
23731 26928 29436 71576 83527 64567 9993 76432 6291 31812
7673 11
70663 85486 74881 6349 48167 65594 39726 75600 62816 40430 75318
1269 19
78903 86298 89314 46450 48253 91093 11162 4881 4102 54942 91784 59615 12452 17698 60433 38635 16099 63639 52737
5811 11
82289 20938 78262 61346 92750 76043 69928 88601 30379 79103 22148
7956 13
1629 42042 56128 20945 99556 34196 47298 17935 67280 36552 11804 52742 65769
1415 12
72551 43652 28823 22522 43815 92243 80304 45665 65236 19632 28878 90752
1785 17
19617 36898 1634 71229 77142 98446 66622 54818 42055 21821 7302 95928 67143 99304 91509 81635 46769
6754 16
79616 73982 69743 3940 44790 45201 94272 26220 95141 56177 96432 70261 65743 81909 11143 11920
171 15
17734 12249 5862 14333 25401 6719 54051 53971 51814 43271 74517 20552 53839 25169 7306
7042 13
5547 40712 20294 15601 95827 81522 68010 9743 3069 34003 17409 92238
20 17
5458 95825 46553 80494 17457 46439 81956 92650 67483 96007 37356 13772 22662 12030 37071 94117 96285
7026 12
40496 50496 46586 31915 36541 62136 50891 83633 84897 10508 13133 44840
5287 18
80234 35441 75523 19844 56986 14052 5893 48471 7065 21704 99404 13415 22224 63147 29937 58931 48886 31572
853 15
28287 31628 96069 41578 72666 13463 65409 73003 68141 43912 83179 85294 80483 17989 20825
6612 14
82737 41018 90880 45810 18411 90842 37440 82077 18348 90543 71298 33692 58794 37438
53 16
19037 6616 83166 86169 64587 89512 77360 88729 92115 94608 31742 70641 53981 53643 15863 59997
6957 20
36423 10795 43935 16121 3767 41539 62883 62817 42084 25588 47605 92133 49254 7112 85049 96175 7957 99786 40976 72443
184 17
98751 71808 5534 2467 57561 34907 27257 41079 50480 21592 85988 78681 50554 25699 44709 28830 98047
8615 20
92257 9925 71517 64710 83567 26920 13921 16584 30039 87879 95943 28074 15842 42841 8235 85299 83687 16004 96717
2985 20
19252 28626 72941 88628 18455 29904 82939 70486 32438 5836 72340 39105 43448 98228 74429 75415 19047 66447 44708 93351
1630 18
47964 72951 83735 1478 23367 74876 95721 37135 37417 64411 40872 52541 95653 84496 20587 9142 30424 65404
3252 12
38927 64959 70086 71046 88836 55882 4615 65828 62289 23080 45233 94831
1364 10
73669 87154 33545 20672 9131 37274 57354 42710 23932 76538
3290 13
84902 66888 28596 4096 24351 15573 35757 75406 99230 27779 65081 96941 75812
8730 10
77339 87974 50346 20853 55136 25513 10541 63335 30997 49421
1262 16
8874 7894 73754 40182 12691 18287 19764 39472 56045 60413 33411 58970 13609 82406 28427 50831
5291 10
70781 75670 64405 17801 98580 47636 28444 18674 89929 23281
9 17
89792 17919 58859 43486 68520 2920 245 51506 51358 47920 23593 66523 27478 82800 99357 7252 38272
9686 19
26827 12862 3001 74203 63141 42700 55650 73377 6296 64688 13795 96616 46925 91507 70163 13143 6464 72853 4622
3065 19
89918 13297 3713 50722 29369 72002 25149 60018 95493 31486 86942 26327 3811 82110 26285 44803 67664 18402 81800
5968 12
36106 74537 97288 32900 67960 73596 71020 29372 67697 25238 31311 20998
3139 16
20446 18985 40385 95514 34930 25582 73147 58595 32249 77210 16959 69032 43781 70616 78088 54173
1094 16
52354 35003 98603 99980 19046 53568 19152 79514 98585 8585 53312 14504 7711 85069 35456 11885
4472 10
37898 3032 69443 46225 97035 76913 71029 45409 5350 46425
8663 18
25835 4844 10565 91304 8094 34586 44000 29800 22166 8280 33150 99872 40195 1385 465 25130 71482 57272
8098 16
51447 78249 52938 48768 94910 26600 44148 64936 55294 86995 45152 24002 10607 68037 95504
7729 15
13369 55820 27316 59881 35643 23403 69932 41833 91734 3165 30504 48513 20920 58193 6056
1314 14
79550 48205 321 13672 92509 52031 18315 11429 82899 33607 2626 50847 61850 11806
3455 12
8220 78709 69831 56137 24025 14480 32057 78876 8632 41571 40746
6662 17
36017 36814 78690 44771 80047 83469 28527 6688 73208 14563 31234 53431 96201 99720 10753 6005 1127
2297 14
18543 58343 60416 12100 73627 7453 55957 18974 58432 88693 89159 56354 58455 34514
6299 14
70445 1692 38153 55457 20320 15253 61427 1559 40466 79430 45472 8792 78382 97759
7791 14
63369 57312 80378 91132 72141 41284 44301 41452 77268 70867 52160 11114 17832 80573
8122 15
30326 16236 2276 54612 93279 42133 90830 68216 8503 9627 49465 77780 75868 35056
8838 19
8251 83346 32683 55582 14111 29038 59624 88823 14525 95957 98444 54042 74510 92495 7639 50222 90368 41848 88592
5948 10
76397 58775 15264 44635 99249 50746 55235 5443 60419
9294 12
17924 73207 90103 35172 44003 36649 87578 17844 39838 90934 20463 1333
9050 12
77801 47988 5922 25033 77041 650 77334 1511 67040 84600 60073 70006
1756 12
38829 64898 11010 35787 30661 25685 68736 53367 12280 37300 10454 82617
3815 10
59319 91459 76328 86752 40858 88914 14639 54033 72291 91944
1488 13
49199 86511 91445 65040 56191 75512 12429 66258 75355 27146 75472 49381 87492
5305 13
19182 11099 7974 51179 94287 43329 55971 74932 70547 33377 10942 82704 49864
8300 10
89613 22078 37843 98090 47800 78834 12344 70053 13385 55902
6442 17
20738 7972 22966 52104 18185 56091 93122 10348 15639 50208 18576 28135 67345 41563 36267 58430 72176
1752 20
24621 61355 24050 73992 27245 14060 85089 95809 42217 1761 22781 19998 50535 14797 90452 15396 72008 98554 59965
7351 19
45043 98081 5506 11494 35507 36357 656 33912 24320 13083 24555 42699 11431 52647 25834 38475 27867 61022 17310
673 13
26235 52847 80486 80097 89595 60367 66217 25398 82184 78172 81361 28788 60661
7869 17
10965 58210 94790 59620 38728 39249 20962 18172 9848 38323 57584 18764 77830 61255 53975 36716 11703
3399 20
64844 24791 70280 97901 61270 59641 39851 52782 76845 80845 91524 12263 3846 37425 65396 1909 23700 25020 5254 75475
3552 20
38127 80185 46338 41535 6860 3088 64007 1657 33848 354 79097 72054 99552 57394 37171 60713 36695 72361 21181
5299 11
18406 74051 15660 67453 78772 78198 87349 83421 92828 52276 23705
8862 17
39690 93985 72683 6272 34517 34978 71666 10950 85533 46392 79822 72352 24483 76953 28985 56828 10523
8651 16
56716 56677 92316 48109 92607 10227 18058 92123 31805 74613 28635 93114 45033 18120 79832 29668
8858 18
55070 91673 86155 45686 21351 78260 33861 12428 87782 49987 84646 74057 80314 10438 12199 33453 7565 82122
5551 17
64887 41101 74298 88870 95907 9886 19313 16075 28793 67647 61847 24980 47729 47633 45846 403 5737
5420 11
5639 10386 35987 59512 30895 62166 60779 3207 29083 92939 54535
9956 20
59229 89139 44802 13761 40032 91654 56992 80739 30890 62274 59705 77442 58009 96918 71630 26421 98607 43787 13762 82340
136 10
98310 57414 45131 34194 49521 32272 4851 50676 98244 5902
5439 17
38349 90963 26228 46999 71658 96122 32701 82677 19494 1245 19752 89306 9876 3257 59784 89877
5752 15
54397 2234 12298 4884 4072 29872 35989 78308 59516 34165 59816 56343 46684 87626 7340
2123 15
81310 38144 15021 10582 69001 38510 70493 48853 52046 52687 49928 81907 89909 63228 2293
6915 10
61373 37098 52135 42032 33554 84401 11061 1616 27534 21027
6732 10
27708 52504 70926 25320 72905 41397 44876 69776 29870
8530 13
13638 279 49036 83523 39825 77545 66255 52677 60993 12602 5193 2562 66161
5853 19
17601 68050 19783 36936 74147 66224 51871 82815 81337 5168 98171 431 82951 92868 44290 22337 90129 48185
679 13
91336 2947 42861 34266 10017 28599 8761 17792 43739 83509 18171 11501 17911
8993 20
93095 32080 98354 90250 73002 73303 59664 59044 99600 25537 78738 92092 75714 32433 49939 31293 14602 55777 88980 74324
4065 19
85475 25669 55169 77014 37483 53926 37740 14550 52718 63425 73296 19749 94927 22178 10586 35845 88118
1108 20
74244 73136 87691 38119 1799 80395 54912 62178 20919 58781 19015 78251 39506 48041 27152 29002 31811 24662 36932 95553
438 16
13717 70882 4532 92056 95315 98219 99669 18366 91683 59973 21703 165 33639 23806 72293 37295
4178 15
96450 16000 63625 47914 57972 96729 78811 93103 7834 81884 4579 48953 16788 33273
8190 19
32877 4080 7135 71319 3581 96716 65393 90385 45838 51485 8997 52988 88713 79395 38722 80806 51752 71380 77181
2816 15
42955 19748 20883 54813 79562 94552 52014 45217 97066 2597 43075 53098 99881 6495 7397
6835 10
14383 79354 85745 47900 52612 87655 20927 16176 52957
9360 14
70841 85080 21049 5007 92325 75769 79976 61596 53038 42915 60864 67699 81495 63052
4717 15
93499 9061 40826 78110 20637 41601 74994 35375 95233 56899 77765 401 23530 65765 86273
3491 11
13469 15885 65197 1251 54977 20438 46885 42859 47307 36043
5889 10
93822 28513 54832 50132 82967 76461 37367 54386 78510 38214
7159 20
59124 56358 40091 41869 54957 46500 76297 29961 40916 74345 18840 51773 24685 18337 7136 80158 37704 9689 59994 93386
8442 17
77305 1475 74531 28313 17575 5647 42404 33318 69649 75567 2286 41696 34480 17971 75694 95085
9873 16
91727 71889 18127 95331 90695 3242 77017 27664 8044 11618 97339 51145 48510 41226 12217 25390
5076 14
45777 96465 98195 81376 49448 94943 45419 7448 51466 47263 79211 45963 58092 46570
1216 20
63258 21451 3232 68616 89108 20399 25561 57980 82818 77681 36736 57419 12791 71675 53455 63503 57452 5420 80156
8683 11
99041 43547 36018 16713 4420 66424 49186 18620 27393 56471 10060
6475 20
72856 16202 45825 3057 62079 26042 50070 53669 26313 78121 2451 34476 55460 705 72740 57605 17900 2822 2908 42814
6219 19
70232 77458 56855 28355 37089 6338 82111 76135 81958 78600 57068 71402 78531 77356 91426 51720 33518 88798 29967
3359 14
87242 40694 56389 99042 91924 45485 13328 8073 48163 96961 94813 41074 89617 80126
4933 19
91886 62572 19274 9431 28225 18981 15259 53815 456 81155 45177 35985 60871 57990 36303 72109 80055 82163
5397 13
20639 29298 92582 2077 45973 36460 52171 83448 70949 58465 28552 14881 63287
6470 16
24116 11989 89528 16510 69006 82712 83015 79875 6516 88125 64322 80122 98095 41858 25353 34351
2610 14
74964 66916 24541 57246 91849 80726 86734 51364 41142 83588 31028 22060 258 38329
461 18
1041 76712 14190 96439 98551 83172 6770 28062 96480 19756 25686 93834 46997 33601 77844 8249 43211 52473
2495 10
9363 30433 78037 27524 31032 70045 42999 59860 94827 40484
2898 15
42684 33992 29838 39340 9252 27094 10732 56740 94245 26205 55434 38423 17147 61914 58050
5272 16
69983 12827 17473 22431 18357 54250 48836 7451 87113 3230 2601 93915 57313 56952 41936
8176 14
91350 11424 4931 99355 87982 75429 74652 36466 62114 91584 77880 99140 30966 95975
9151 13
85538 28722 52991 517 80255 73924 2223 19115 16998 13606 10945 16357 71113
2434 18
56212 95196 74013 35086 79625 32108 58466 68856 24856 38787 859 58838 63728 41033 86060 56541 45612 722
9797 14
30541 35873 24744 52494 68949 37052 22363 15696 67149 15008 95541 7805 20627 48325
7602 13
21760 61334 34322 72636 2129 58435 19312 19539 90244 47874 98043 26311 83024
4914 20
22770 56086 52970 71005 98128 862 79716 3243 20863 72660 75870 84541 97815 53633 57753 65750 31588 87213 35394 54866
3957 12
88702 8538 73019 97164 33637 66738 45774 704 94684 72058 50000 9526
87 13
23714 68537 35894 39468 59234 60370 98462 84912 43591 48312 49280 52557 32343
5313 17
11397 43021 12614 21933 58566 11152 88463 22382 57239 49796 95173 69806 13504 65872 24770 16414
7308 19
33542 80850 64993 69535 30330 41179 66491 29786 33259 31799 56326 71043 34924 21874 87278 33146 19888 40236
7038 20
23886 42303 51679 31531 18316 34603 20578 8286 54999 66884 23743 92716 8393 59268 22544 1773 23847 68514 1563 25879
8910 16
20557 95871 38500 9144 23306 71948 21969 62546 9510 85818 88442 58615 59043 94298 35534 8967
5621 12
20996 65305 8958 90225 1131 2104 89318 16673 71418 37435 14574 83417
9324 14
85832 89969 82222 98908 81597 6047 20310 77152 44499 85481 84003 47202 84319 79917
6368 20
88865 93551 50049 97186 19259 558 67725 82215 25200 86126 81063 46361 71241 75804 83098 66236 19050 97539 35951 59556
6636 16
74195 385 40913 43926 22827 8471 13152 92682 47540 31629 47240 72815 79368 892 467 38946
9462 12
51104 68432 9025 20994 18918 81370 65917 13430 6969 96170 90844 29405
6679 19
76387 50754 19879 92427 12389 13411 90510 31362 8270 98221 96130 35813 3792 43949 53954 62194 842 82040 75505
7046 16
9885 62625 77694 98527 33768 14292 52786 1573 96349 82723 33772 24075 5101 23224 39433
2914 16
34945 89950 74088 12702 30774 64388 87105 49854 25795 28497 9573 70160 66598 43425 82197
4430 16
20739 36881 78402 78174 27035 69838 40808 60511 12114 78693 53204 78761 73457 43280 17296
2384 10
66180 49095 90527 21560 83139 33435 22238 89215 5115 13141
9783 19
63467 38155 28875 59236 15815 44601 90359 27485 80152 55961 66394 97230 91460 38453 60766 47884 10421 24851 66822
521 13
36870 79943 3333 11316 19029 46140 9872 42091 40934 37953 86139 64023 38878
7985 18
49198 97017 25722 113 8801 7871 76516 26197 81746 65892 87481 41995 8952 51017 43896 42747 16230 52038
351 19
89919 90809 66573 4363 31708 30350 97659 58943 15101 57090 78464 64627 29706 31027 26181 60053 51575
9980 14
36432 22782 41939 71461 45238 55418 16015 71506 97865 43702 59402 37292 10122 9003
8664 17
12111 81782 23863 57482 82870 1949 27531 80022 25208 8535 79375 49870 8733 43366 29389 19987 32242
3995 13
30154 49883 15503 97266 82555 66908 34501 39963 83801 67814 31135 19762 56449
9413 17
70491 76902 23442 2233 66423 60467 65380 8806 8489 3050 51845 77192 67698 64020 91624 63174
6020 18
48013 59987 38482 66489 17610 89409 35266 36301 67607 64997 5036 28752 22789 15899 54398 81965 8895 85922
3994 11
77691 81848 16479 68331 56024 20906 99802 46843 61339 772 9231
5095 13
39341 80727 7819 75677 44892 41784 71746 86582 42782 11934 50913 1046
2049 20
17221 5067 37385 98969 16078 12911 94900 99888 78411 67551 77285 57362 92876 21996 41637 86967 12886 61799 22880 35259
8252 17
60658 75416 38726 89752 19526 36786 9672 47957 52117 81360 91281 21104 19323 38465 61380
7492 15
21930 33158 78129 77698 26902 28697 34951 27308 58370 20181 29656 20159 46465 86197 74507
9132 16
26034 4929 64679 19270 65957 74488 46730 3552 54941 9798 9980 49750 12285 57658 58694 77248
6582 14
27114 94826 610 21460 83169 41602 93364 7198 97495 35257 16407 27583 29890 14912
3955 15
36805 64829 44153 24112 92324 88779 17466 20216 92522 81799 70923 25100 18752 35574
3965 13
7759 8955 23906 38109 24605 80324 14657 69623 42425 36885 36839 33145 32494
308 14
57345 89190 66100 99274 57002 75230 94955 58909 80511 91887 73349 85451 53445
4151 13
95590 35565 60218 58363 9072 38366 48285 22294 76787 18965 85168 92076 28653
7056 14
59223 36514 61774 48188 30982 30737 12165 62843 48249 35495 58261 75360 13804
8392 19
7132 32818 67838 8005 15960 52929 54246 53609 97613 27175 37074 19801 18636 69023 88327 32885 17283 88732
7562 17
74828 29210 5852 64195 71026 62614 75381 93066 75503 158 59145 59019 66546 80502 98384 39162
1470 19
80199 58268 37332 69313 53737 15813 42679 16920 19587 51537 813 17440 92984 90127 48577 79410 27476 33342 18369
4480 13
70544 83701 16574 32206 2335 28377 19666 73262 60543 90069 55142 67677
3871 16
27896 99236 88365 10877 72458 35718 15638 30971 89047 581 94864 20740 43285 77954 21050
2615 14
76872 93247 15061 37143 17145 64315 72757 38770 43611 79425 41643 33654 363 4268
8707 10
69344 51024 23006 47498 98148 50443 38436 14358 8158 60950
9013 10
38066 90169 93541 19578 58073 63200 30035 83003 56878
3112 20
35050 32160 23681 39376 50448 90399 5523 3695 3913 77675 81207 45513 42972 7484 31614 41896 83398 1954 20514
4747 19
23142 6179 83466 67853 65432 90636 77556 65008 8300 58957 25203 65306 87299 67210 99647 14064 44319
1668 13
88076 44984 134 50459 74918 89338 83972 17954 92786 95860 71514 39747 46001
8364 16
25515 86082 17533 55527 57462 28624 68743 25042 28723 33189 97259 63815 88820 41469 5422
4730 13
34765 688 35836 13599 48052 6448 17054 3694 90751 75841 3271 60920 46933
8092 13
26594 47371 15772 95935 76375 36055 49681 83390 38261 23639 37465 6195 24298
2667 11
58592 98365 40142 88859 42948 53034 61519 39609 35581 7495
1568 16
9546 60032 40503 1569 49003 85477 90888 90212 80843 62432 10817 58387 96433 87454 39755 48993
7488 12
28337 42985 93694 12986 29843 63379 72288 88198 24417 72369 57826 43520
3050 14
13220 50878 75999 26904 99459 88348 21038 67130 93740 38953 80595 18911 65953
5431 19
87184 43580 51746 39754 83818 82860 85379 52914 61890 27093 47032 44094 67714 20353 55508 37553 51304 2918
458 13
48154 91842 88352 73477 67478 86725 31849 80910 82791 7343 12804 95786 62161
8384 10
44913 83068 70318 20621 77251 76242 49401 42051 99880 68570
3444 15
71350 73369 70868 72392 9766 98361 82499 18522 41516 89876 18200 37133 49031 12443
886 20
55689 37891 72409 49892 21367 95355 1622 88217 76863 73126 54767 43496 69382 14528 76683 90766 28567 15674 69742 63303
1769 12
38875 76148 31992 82814 97744 96547 62087 16760 1751 47744 21992 56842
7416 17
20744 36153 189 19002 23468 395 70018 45438 43269 89742 48235 17280 86949 78106 10820 98978
7052 20
19979 33857 14463 40821 28617 90322 25516 34016 48340 91767 43824 22596 8039 67052 81411 66764 3667 4157 85694 27509
1555 18
43784 50970 51630 17087 65886 3219 38566 78929 48079 59760 45461 33480 93849 79996 51324 97936 79153
7543 18
12185 19063 26545 49980 74282 42277 67961 9366 35988 85377 13505 21775 43905 33358 95513 21579 93787 82311
4429 15
82874 72451 74914 59583 67023 45455 83461 27878 97237 92057 77604 11673 41561 75086 10617
7473 18
35396 71602 14137 16172 65184 40687 43499 13643 80642 91211 18218 39329 49568 4658 100 87701 16418 8171
416 17
84520 45880 42673 9102 63932 7283 42868 33656 4364 21590 71460 10590 14983 41047 41711 31765 99836
897 10
77473 53649 47141 50044 66696 78307 6652 97423 41377 16646
26 17
74501 65291 23274 37031 53808 60049 84453 62352 59444 87256 90675 84442 2446 87909
7515 20
42139 36247 41394 30980 2436 28038 36245 51726 88034 49704 43465 56930 68948 380 42849 6156 16364 30613 80354 96369
9737 16
59603 48534 85222 48854 60420 74725 27908 62516 63345 89964 70720 91019 13938 35053 63780
6041 20
29621 54820 64782 3707 8376 22242 70376 45203 67183 18592 48207 96108 37101 80919 89607 66844 15033 48777 32602
2027 14
69799 13916 55135 64790 45630 83262 65395 63363 51269 51894 21667 79578 57405
8016 19
39570 82915 5672 46524 5944 79059 94892 79133 61948 34142 18475 60046 1534 48077 94936 65354
783 10
65287 20804 48986 91661 67869 16871 54373 14410 23184 36790
8303 12
40565 7848 48541 46943 30468 23752 43841 35009 50651 88115 10011 47090
4250 16
16986 84162 67745 40827 58415 87007 60625 85114 81465 47858 34119 69862 92873 33800 58437
8249 13
37857 71112 71756 30951 92725 39331 38223 42683 53593 55838 27854 55766 20666
3673 14
96883 44773 79198 18083 90021 65128 55806 70509 11493 37639 53268 70443 79885
8958 15
49696 41354 62110 38464 84366 51040 7398 20113 76325 91248 12756 3755 36955 81281 17272
3355 17
39705 69916 48557 16094 78836 79047 1268 21544 78507 32847 76472 81954 72629 64428 12700 69802
9575 15
56712 73403 88435 71515 41905 72273 46178 88401 28765 80855 64135 60845 28291 53930 24793
2584 20
73181 32309 59053 19188 58244 88161 99300 92154 51971 49444 43906 12083 22244 68055 99607 33829 25941 49927 26064 69178
2998 13
63595 12579 2163 99401 92846 49688 47509 77055 16382 66304 59745 77189 34237
6707 10
79088 9028 7361 71792 31348 75928 66318 56629 63796 38301
7702 11
38653 99523 60349 40885 16803 72998 63385 5583 111 90040 82925
1486 20
83737 78859 50837 55432 53077 27501 93039 23276 79130 26520 81467 78162 67623 1221 21054 59143 40478 19026 71056 437
1606 14
94395 7395 27428 37004 48729 62240 54230 1532 9708 44337 52499 41281 19120 48343
4160 12
97247 97589 33876 75116 83779 89072 20521 68709 95657 99707 53802 73124
6358 12
35724 20456 63979 58492 43628 32097 73697 10308 69751 16770 21063 52609
8935 10
49937 98302 45769 84573 47999 28170 22150 59579 2029 11580
7256 10
54141 20523 43542 5886 26350 89638 68337 53297 88489
1952 18
11253 76837 97174 41942 20047 85834 63867 16922 44588 68208 32735 93847 60929 78607 39445 78870 61834 25880
4245 17
93013 44053 39720 80526 98055 54631 25165 19022 1267 57056 72229 82100 55110 23383 70582 23196
7484 10
15900 58603 78318 77489 38294 91733 97418 41470 64093 62589
4876 14
34354 6961 79628 83791 63745 62924 77996 19971 76251 5430 41221 74597 73690 35741
6575 10
57772 1083 83228 61678 96606 5397 27172 41878 21819 83388
4561 17
14373 68423 88858 93274 72050 93226 19311 93922 77525 98133 27567 55298 91715 36711 36507 93914 84691
4449 11
40505 82621 83505 44013 65173 15745 35551 62311 81644 54053
3759 20
77402 47053 81944 13010 22164 20667 59726 89640 43663 77729 1500 90495 48546 55156 39299 36781 10581 70653 43427 71018
3791 17
92241 71315 87267 43588 92773 56429 67433 84991 19038 79470 13353 55828 96747 11309 86069 37792
7938 16
34533 97389 53977 20758 89784 37540 66568 17747 17523 97229 48462 80348 2751 69277 42973 41323
3173 10
54762 93081 51896 80817 39353 47211 87228 12040 88005
1698 18
54203 8294 64705 87375 55779 73599 51812 64814 44326 18244 68896 77505 4513 7652 28524 73847 4968
7564 18
24753 42315 19524 95647 94188 99515 56749 19724 56958 2641 21587 81430 68258 65137 71179 22804 63912
8952 17
27941 49991 3495 72599 9587 61941 26701 23719 34126 7897 6564 93112 15576 12206 26430 44179 32930
2048 20
16156 63383 33467 49386 70284 82004 78640 94165 13018 39073 96060 17089 9407 4272 83755 28482 34940 18381 33004 66503
693 14
76961 87874 60079 72301 82805 19417 15741 61203 22447 9 36071 26062 7280
8750 14
91032 26169 35459 99901 91328 16298 21136 59417 97713 59035 97769 75750 23235
4263 17
19367 16082 84926 49231 17521 87329 66525 82558 88482 12801 59547 7647 94275 47017 43043 9608
1097 10
96318 33538 53449 90971 97706 7376 68442 87532 23671 40035
7101 16
32085 1378 30919 15322 88008 35161 19233 74344 52805 98159 66807 21757 87656 46410 23028
4350 16
64719 14474 80902 30463 8939 66430 16294 29182 39883 15511 74730 8751 51459 67894 79655 60970
868 19
91630 82902 68940 82459 78504 82845 74398 61193 7345 89660 75228 11107 1082 42563 81536 32744 729 29090
2096 18
13112 53679 13780 20885 34006 34131 9523 80421 62489 18247 68972 44461 32470 7083 95246 70315 5286 18353
5850 12
82450 24361 48666 88992 90014 5045 82043 82387 43262 3222 96659 8769
3572 14
87783 49269 6889 90928 39384 71580 25702 25256 12166 65862 50337 94726 18279 56063
352 16
29974 46137 32931 14627 29379 95404 37808 4108 53738 91203 40870 28726 67473 2456
7384 13
16873 94887 87261 21640 10737 57478 14303 96768 13210 27369 39557
1312 11
80619 32502 27535 43797 59599 79443 97823 97084 12478 51829 61545
5151 18
84793 48008 32355 91890 70895 45934 39905 3833 88535 82956 57440 45047 79538 92156 61460 58402 51185
4200 12
50122 5342 68286 97510 46958 19466 40518 927 31423 84093 65453
9855 11
92636 4284 3583 2342 95444 47712 78872 75031 70124 97961 97097
4182 17
52791 88245 36757 44536 54303 67848 71609 51878 76488 72726 80424 79673 76381 62511 71153
4238 17
60065 73487 42107 70694 41533 70272 76188 5943 61543 30292 32347 60850 58274 30270 11569 44603
1430 15
76649 95782 48329 3139 5756 85613 1704 35405 54044 46043 87966 23382 12379
2115 17
11348 45579 30722 92378 48910 14079 9322 4397 21203 86982 68780 19101 91015 6814 14036 17160 61628
1349 14
79531 60152 88030 19890 85953 65057 35295 73142 84177 9524 17401 32493 43885 51725
3085 15
56999 58340 2192 17185 14930 83307 27463 9345 99948 18449 22665 91758 75665 53010 47216
6031 16
99037 25499 61621 90667 14278 77658 294 9234 62846 37806 12715 81915 98158 16057 23380
4062 18
95969 39278 7813 5866 38943 75096 65674 92369 5819 87593 46217 28485 48895 36232 92196 6287 82896 81591
1017 13
98961 61156 23364 22171 70630 73567 51198 93961 74061 26267 75863 34033 18073
8968 15
63165 1523 93867 44995 50012 59963 60167 22302 10109 84531 64337 88138 70539 92456 64334
8297 17
39638 17257 52372 89170 91951 46715 98934 66669 42486 18077 83875 43258 51781 69686 89555 73896 63807
8634 13
24167 12622 55731 60025 38821 87787 71290 17881 59436 81540 5623 64473
7882 10
87192 14071 82751 5507 50601 91989 35908 75006 47106 62775
151 14
29496 52294 99932 36933 30440 29579 30351 21338 91381 89090 85756 41814 91680
3335 16
71080 9703 1286 108 55351 44632 75106 65450 13491 29987 61579 12761 3195 30045 2162
590 10
33873 2459 39993 49966 38859 12364 17918 76245 41305 338
9146 14
92021 74659 84563 70296 93919 3307 45644 67908 96250 59692 27193 55598 27466 33810
8983 14
37233 86071 41345 22915 26229 52127 65870 72500 6746 11553 24630 98762 96607 47789
965 10
51553 10022 56106 12838 46423 35208 30579 11507 48382
8795 15
65996 71708 97225 66211 77340 11697 65373 4785 10291 72771 92172 45972 49622
5792 16
61138 5635 62787 73184 17513 83365 47179 94665 59964 13431 77911 26258 20966 87844
8626 17
15206 52953 26029 57124 47222 98211 22790 11266 70656 69809 36207 55091 33070 16771 10029 58766 18256
5919 20
17458 83546 13955 39515 11120 20913 60703 63500 959 22030 27588 26744 45571 14177 41349 59383 57218 48087 99234
4490 18
78058 30142 40600 62662 34190 13884 2873 22461 59388 30865 21577 47313 71559 74131 53119 10142 51731
4631 13
45629 65096 32209 10734 85594 40133 60156 92288 29173 81187 66169 59256
76 18
36960 84079 90911 19359 89467 69497 96557 6304 72030 56004 61998 5331 24391 4819 66343 47329 98597 239
1737 12
34906 94510 47707 83317 93507 41911 88920 72482 65986 48651 261 96667
3764 16
24299 7425 75603 69941 13260 73317 82212 99183 83494 10660 83184 16386 62580 47512 17560 13114
7953 20
14167 66077 85210 54340 26728 17375 65703 77281 98009 629 56452 42018 2253 22979 83552 28898 66274 43130 56312
6829 17
45249 50838 23753 1086 63679 33402 30883 81308 30396 55241 36823 39817 13533 35849 86240 78788 38520
2394 12
47002 51965 37895 80480 93125 67888 94501 37203 76675 29236 14122 96982
4130 13
33376 95097 68306 69547 14879 35413 708 45101 4456 4018 20031 78480 72530
7979 14
42781 44595 21105 60311 90248 2378 60537 92183 14332 36601 92029 54872
8606 19
1710 26102 12976 9507 90835 71286 89611 95016 35830 59604 93245 67263 90862 90353 90993 91877 10913 16415
7005 18
55575 72357 17915 46187 86688 37593 13498 52082 34201 36061 42160 43697 69372 88088 79228 27942 77635
6866 12
28704 7978 86342 66641 55471 844 56480 93963 60117 24554 44544 29527
6727 13
63512 98909 84743 28240 46080 27689 96131 45881 43573 58919 3497 98992
8079 11
72278 62736 16295 30171 15887 61763 83508 745 96885 11869 25079
4001 18
5546 67168 21422 46216 9816 46463 96611 50114 78715 91255 8037 99824 64042 70016 98385 72707 11182
5957 10
75426 48368 2071 59833 62853 55601 79348 57113 57134
2778 11
57540 65882 34580 56579 29004 38554 441 74941 73629 58127
4213 10
98593 895 44462 96602 30192 67757 97650 8599 21089 98319
8789 14
3912 36086 65736 65161 82958 1026 58218 93118 38813 41034 79668 85307 77080
226 12
59320 62591 24669 87816 17131 83990 18103 35286 45184 8324 39676 88060
7765 20
83215 64201 45706 49971 10212 55168 56492 20469 87536 18167 97265 93253 39545 59352 73350 99807 34171
9730 12
63551 16689 4757 28363 2565 10810 43238 77936 8204 39345 55647 34408
8860 18
71296 1814 29227 53201 64222 25187 50555 46738 5061 26163 98744 40494 95938 94307 84397 67705
9316 17
30431 37959 52633 93909 28700 51758 15183 80885 24466 83094 91416 34317 43463 84745 55062 42321 93988
6111 12
18332 83050 53537 54385 77787 56054 52566 3154 41020 58778 86308 14345
6478 14
875 43612 7916 40715 36524 30651 96198 25768 12881 24559 31721 91603 17591
2901 10
85303 4585 94681 23917 38838 78731 14518 23275 10030 45428
5300 18
16503 5334 14059 85308 45692 12934 95896 11283 81485 75284 16254 21350 41262 25551 82254 50100
2387 16
61351 92139 33060 10222 25803 56416 19929 80180 65813 93205 68392 44175 9152 13082 41663 29489
5604 14
99987 72306 13196 74558 69733 92882 26921 25027 61764 82429 24525 80552 17648
1983 13
13565 52966 82630 76634 29604 62847 41001 39537 81152 80041 1038 49664
4873 10
51762 9390 19893 26241 80824 80851 30215 77074 31367 18869
9108 16
9883 19249 38607 34208 35493 55389 16592 82933 829 82610 85298 74261 33732 80740 88862 51426
9463 13
64128 78923 27630 4969 48894 76587 19898 55559 68173 41511 64663 31810
5964 19
31948 37433 80368 16716 11267 97712 78075 97688 42838 90068 53736 90484 82794 53122 65294 33729 40487
9373 11
99550 47713 3756 91980 85369 1179 98656 98916 74342 70270 89226
1429 15
37998 89732 30617 53883 92571 23100 48211 32384 7515 19840 6890 62385 2001 26869
5434 13
86533 5679 69910 31585 22633 60473 5295 63864 2193 34744 17584
1207 16
60182 7858 87155 29082 89874 6665 47264 42113 17103 18642 72870 76664 43491 65945
5589 20
96289 93901 12714 94488 46529 35072 49988 98103 18695 75200 85919 58444 36745 71361 36764 37600 38190 57843 81425 76559
8429 20
68137 9741 13634 92968 9739 78547 74289 26625 42756 30841 77410 72504 51246 32053 35058 79272 15393 6355 5709 3212
2804 17
94177 63098 12080 99380 66522 48966 18799 21353 32684 68900 4267 96575 29325 46210 72080 60985 32555
1204 18
48248 62569 12359 76661 368 74557 76161 4481 41272 51237 78025 95536 49930 48435 10165 59367 94840
7823 16
88554 31321 712 47629 71799 26349 69047 40811 95431 93714 26861 94578 18125 64003 86118
6934 14
44365 70711 75218 72178 97528 85226 72342 98304 52174 61974 44952 387 65909 58116
3926 12
2878 27909 82797 55006 34577 60602 13838 81160 87305 29707 19292 56996
8870 12
66605 94240 14909 83992 96957 42638 58797 33372 32910 50634 23608 66618
9298 18
33324 33638 46481 22204 13363 46678 46614 59497 605 44627 50141 38021 79000 54097 63488 86036 16735 64443
1751 17
53002 5660 33703 63709 73180 42703 76068 16822 39267 99238 44500 83483 90642 37306 47927
1504 15
1040 71306 97644 20862 95421 49619 23703 11750 51768 73029 17811 54584 44005 48627 74832
8679 18
60701 50125 83468 49135 86948 97853 93399 40299 32075 6458 48493 89172 39454 72588 64684 47267 97232
6309 18
84388 10609 36684 67749 48804 97701 84231 86464 48622 34509 22398 4209 58356 86526 94575 72571 80445 4925
6946 16
83622 64923 41769 26995 75098 86835 13349 8747 17315 7 2754 40665 97925 23543 3837 78218
7167 11
25096 57816 6238 86427 34071 82098 32577 21732 16686 55478
